
testing [array([1.00e-04, 7.75e-05, 5.50e-05, 3.25e-05, 1.00e-05]), array([0.01 , 0.255, 0.5  , 0.745, 0.99 ]), [10, 20, 30, 40, 50], [1, 8, 15, 22, 29, 36, 43, 50]]

testing [array([1.00e-04, 7.75e-05, 5.50e-05, 3.25e-05, 1.00e-05]), array([0.01 , 0.255, 0.5  , 0.745, 0.99 ]), [10, 20, 30, 40, 50], [1, 8, 15, 22, 29, 36, 43, 50]]
results : score of 1.9338650515313558 for [7.75e-05 5.00e-01 5.00e+01 4.30e+01]

testing [array([6.e-05, 7.e-05, 8.e-05, 9.e-05, 1.e-04]), array([0.2 , 0.35, 0.5 , 0.65, 0.8 ]), [40, 45, 50, 55, 60, 65, 70], [20, 25, 30, 35, 40, 45, 50]]
results : score of 1.9213029467955436 for (0.0001, 0.8, 45, 40)

testing [array([8.00000000e-05, 2.37777778e-04, 3.95555556e-04, 5.53333333e-04,
       7.11111111e-04, 8.68888889e-04, 1.02666667e-03, 1.18444444e-03,
       1.34222222e-03, 1.50000000e-03]), array([0.2       , 0.26666667, 0.33333333, 0.4       , 0.46666667,
       0.53333333, 0.6       , 0.66666667, 0.73333333, 0.8       ]), [45], [40]]
results : score of 2.027015607411699 for (8e-05, 0.2, 45, 40)
