testing [[1], [10, 30, 50]]
results : score of 4.967997949400794 for [[(10,), (50,)], [(30,), (50,)], [(50,), (50,)]]

testing [[1, 3, 5], [30, 50]]
results : score of 2.0179786074471564 for [(50, 30, 30), (50, 50, 50, 50, 30)]

testing [[3], [40, 45, 50], [5], [30, 40, 50]]
results : score of 2.0352018508977747 for [(45, 50, 40), (40, 50, 30, 40, 40)]

testing [[2, 3], [30, 40, 50], [5], [30, 50]]
results : score of 1.9983471558494106 for [(40, 40, 50), (30, 30, 30, 50, 50)]

testing [[2, 3], [30, 40, 50], [5], [30, 50]]
results : score of 1.9923399156254402 for [(40, 30, 30), (50, 30, 50, 50, 50)]
