testing [[5, 10, 15, 20, 25, 30, 35, 40, 45, 50, 55, 60, 65, 70, 75, 80, 85, 90, 95, 100], [10, 20, 30, 40, 50, 60, 70, 80, 90, 100]]
results : score of 1.957122168791362 for (80, 80)

testing [[5, 9, 13, 17, 21, 25], [30, 40, 50, 60, 70, 80, 90, 100]]
results : score of 2.0555363953473096 for (9, 40)

testing [[60, 65, 70, 75, 80, 85, 90, 95, 100, 105, 110, 115, 120], [60, 65, 70, 75, 80, 85, 90, 95, 100, 105, 110, 115, 120]]
results : score of 1.9232993171439074 for (75, 65)

testing [[10, 11, 12, 13, 14], [100, 105, 110, 115, 120, 125, 130, 135, 140]]
results : score of 1.9568448980888018 for (12, 110)
